Month Year  EOF-1  EOF-2  EOF-3  EOF-4  EOF-5  EOF-6  EOF-7  EOF-8  EOF-9 EOF-10
    1 1979 -38.88  23.00  -4.88 -10.59   1.17   3.57   0.50   4.52  -0.14   0.25
    2 1979 -28.90  17.48   2.57  -5.27   4.91   1.18  -4.33   3.75   0.44   0.43
    3 1979 -38.50   9.44  -9.68  -1.72   0.02   3.23  -2.99   1.76  -0.24  -0.18
    4 1979 -36.74   9.09 -11.17   0.81  -5.11   2.52  -1.37   1.50  -1.23   0.01
    5 1979 -34.58   0.49  -6.82   6.42  -4.49   1.74  -0.01   0.21   0.06   0.11
    6 1979 -22.86 -13.14   0.63   4.65   0.08  -3.54  -0.90  -0.52   2.25  -0.91
    7 1979 -22.21 -25.16   1.98  -3.18   6.00  -2.45   0.01  -0.45   1.63  -0.82
    8 1979 -21.46 -31.46  -4.76  -5.49   2.68   1.02  -0.53   2.20   1.23  -0.62
    9 1979 -23.06 -32.91  -4.51  -9.35   5.65  -2.36   3.32  -0.99   3.11  -0.58
   10 1979  -1.86 -40.14   2.86  -8.14   3.34  -0.11   0.95  -1.57   2.74  -0.78
   11 1979  16.96 -46.09  -0.39  -0.30   0.50   3.63   3.03  -1.07   0.92  -0.63
   12 1979  30.40 -29.72 -14.42   0.03   0.20   8.27   7.44  -0.90   0.09   0.43
    1 1980  32.68  -9.81 -18.09  -6.73   0.46  -2.60   4.55  -4.43   3.60  -0.50
    2 1980  38.37 -16.18 -10.45  -0.48   8.31  -3.23   1.02  -1.82   0.65  -0.29
    3 1980  43.49 -14.12  -4.69  -2.96   6.66  -1.75   0.31  -0.55   0.60   0.02
    4 1980  49.90  -9.26  -1.42  -8.83   6.34  -0.55  -0.53  -0.26  -0.16  -0.05
    5 1980  45.30   4.13   3.29  -9.46  -1.24   4.63   1.59   0.41  -1.23  -0.08
    6 1980  35.45  26.43   5.72  -4.14  -2.48   5.60   2.50   3.50  -1.68   0.08
    7 1980  21.05  28.39  -3.39  -5.18  -8.70   1.47   1.17   2.57   0.81  -0.44
    8 1980   8.04  33.52  -6.50  -0.27  -0.35   0.55   0.95   2.27   1.78  -0.01
    9 1980   7.52  35.84 -10.17  -0.19  -6.06  -2.16   1.39   0.65   3.19  -0.34
   10 1980   7.33  34.08  -7.04   4.66   0.96  -0.47   1.69   0.86   2.08  -0.13
   11 1980   2.68  31.21  -1.45   2.93   1.89  -1.23   1.65   1.80   1.09  -0.08
   12 1980   2.62  22.63  15.03  -2.08   4.64  -1.47   3.67   2.80   0.81   0.75
    1 1981  -6.53  21.37   5.09  -2.35   2.35  -0.21  -0.86   1.08  -0.04   0.35
    2 1981  -9.62  29.46 -11.68   2.81   0.92   5.01   1.87   1.53  -0.09   0.15
    3 1981 -10.07  25.21 -10.27   2.27  -1.89  -0.69   2.89  -0.80   0.54  -0.09
    4 1981 -20.83  24.63  -4.07  -0.44   3.40  -3.23  -2.05   0.25  -0.37   0.19
    5 1981 -29.03  17.32   0.53   3.95  -2.83   0.69  -1.35  -0.16  -0.31   0.02
    6 1981 -29.49  -0.98   4.93   1.99  -4.18   1.11   3.97   1.11   0.27  -0.30
    7 1981 -11.07 -17.90  26.97   8.63   0.69  -5.08   0.66  -0.23   2.79  -0.39
    8 1981 -16.87 -19.13  18.42   6.26   0.26  -1.01   1.28   1.99   0.12  -0.30
    9 1981 -13.45 -28.87  24.33  -0.13  -1.38  -5.76  -2.29   1.54   0.59   0.12
   10 1981 -12.04 -31.78  25.58   2.32  -3.10  -4.93  -1.56   2.85   0.88   0.22
   11 1981  -9.40 -40.02  25.98   1.40   3.52  -7.18   0.19   1.51   0.90   0.01
   12 1981  -8.00 -37.01  11.26   5.10  -0.48   2.59  -5.58   3.08   2.13   0.04
    1 1982 -18.43 -36.95   7.04   5.90   1.54   2.79  -1.93   3.58   0.48   0.11
    2 1982 -26.17 -37.88   7.73   0.92   2.36   3.68   2.62   2.44   1.01  -0.11
    3 1982 -11.89 -42.26  11.60   4.65   6.32  -0.25  -3.01   1.05  -0.21   0.30
    4 1982  -9.06 -50.19   7.06  -0.63   4.78  -2.23  -6.49  -1.30   2.65  -0.06
    5 1982  13.55 -44.43   1.05   2.75   4.91   7.98  -7.09  -0.73  -2.55  -0.01
    6 1982  42.88 -48.99   9.28  -1.59   2.50   3.84   9.19  -4.94   2.94  -0.61
    7 1982  43.84 -22.09 -12.58  -6.42  -6.39   8.24   2.07   0.46  -0.07  -0.53
    8 1982  52.19  -8.05  -4.28 -16.86  -2.56   2.01   0.33   0.84   1.91  -0.81
    9 1982  58.53  -4.94  10.27 -14.75  -0.76   1.03  -3.80   3.28   1.28  -0.42
   10 1982  44.18  13.92  10.41  -9.06   2.26   6.27   1.77   4.28  -1.03   0.22
   11 1982  38.14  17.98  13.45   1.19   3.24   5.61   2.21   4.29  -1.48   0.64
   12 1982  37.39  23.22  15.72   6.09   2.18  -0.31   1.35   1.74   0.68   0.21
    1 1983  30.82  22.53  12.51  11.30   5.94   0.50   1.43   1.56   0.72   0.84
    2 1983  23.10  22.30   5.05  11.17   2.56   4.48   3.17   0.92  -0.03   0.10
    3 1983  14.70  26.15   4.19   5.65  -3.30   4.69   1.41   1.15  -1.42   0.87
    4 1983  14.82  26.83   1.29   2.92  -4.14   0.18   2.17   1.84  -0.62   0.59
    5 1983 -10.79  30.07  -0.29   2.51   4.05  -4.82  -3.77  -0.39  -0.22  -0.31
    6 1983 -32.20  22.65  -2.34   3.17   1.91   1.59  -3.66   1.33  -0.54  -0.28
    7 1983 -37.48  17.42   0.25   0.06  -3.07   0.03  -1.93   1.26   1.54  -0.42
    8 1983 -42.12   7.26   1.50   0.44  -5.13  -1.08  -2.94   0.67   2.61  -0.51
    9 1983 -44.73   6.65   2.96  -2.68  -3.19  -1.35  -0.17   1.27   1.02  -0.06
   10 1983 -37.73  -4.34   7.95  -2.82  -5.65  -1.33  -3.14   0.10   1.35  -0.30
   11 1983 -39.78 -10.83   8.35  -1.50  -0.33  -0.38   2.45  -0.60  -0.79   0.25
   12 1983 -24.85 -26.05  23.67  -4.75   2.16  -4.18   7.93   0.08   1.86   0.16
    1 1984 -35.64 -23.16   9.99  -0.35   2.73  -1.14   5.02  -0.39   0.55   0.76
    2 1984 -39.84 -22.54   5.67  -2.20  -2.05   1.18   5.40  -0.40  -0.99   0.59
    3 1984 -42.97 -19.02   0.24  -3.40 -10.53   2.03   2.98   1.33   0.76  -0.74
    4 1984 -34.91 -28.22   6.30  -0.61  -3.12  -3.36   5.63   1.49  -1.76   0.71
    5 1984 -28.44 -37.10   1.47   1.19   5.60  -7.27   4.59  -1.17  -0.32   0.07
    6 1984 -15.78 -43.17  -0.82   1.05   6.73  -3.53  -6.49  -1.99   0.63   0.24
    7 1984  -6.73 -44.45  -6.67   2.35   5.72   3.78  -6.04  -1.61   0.71   0.24
    8 1984   8.22 -47.08  -9.34   3.82   2.10   4.74  -5.06  -1.70  -0.35   1.02
    9 1984  20.45 -48.08 -12.08   2.59  -3.81   6.50   2.26  -1.92   0.80   0.43
   10 1984  30.13 -41.75 -14.84  -0.23 -10.86   2.59   2.06  -1.75   0.03   0.78
   11 1984  41.49 -24.98 -15.93  -8.96   2.20  -3.70  -1.28   2.52  -0.24   0.37
   12 1984  49.63 -15.54 -12.09  -6.04   4.48  -2.67  -1.59  -0.45   0.14   0.29
    1 1985  50.63  -9.67  -6.57  -4.89   7.38   0.11  -0.34  -2.84   1.71   0.23
    2 1985  41.63  -4.90   1.60  -8.40   0.05   0.27  -2.43  -6.40   0.39   0.43
    3 1985  53.54   3.44  16.41  -4.88   0.67   5.25   1.50  -0.54  -0.66  -0.10
    4 1985  56.84   9.70  17.39  -3.02 -10.41  -5.82  -1.02  -2.24   0.47   0.09
    5 1985  52.40  18.74  18.01   6.99  -0.57   0.05   3.54   0.81   0.81  -0.50
    6 1985  43.37  22.96  11.49  -1.00 -10.70  -3.79   0.09  -0.34   0.16  -0.01
    7 1985  26.77  30.23   4.47   8.67  -1.05  -0.52   1.83   0.95   2.28  -0.21
    8 1985  21.01  27.64   4.05   9.03  -0.78  -2.89  -0.95  -0.83   2.11   0.19
    9 1985  13.97  28.94   1.17  11.47   2.86   0.12  -2.37   0.91   0.57   0.67
   10 1985   0.52  31.95  -2.23   4.41   1.11  -0.74  -1.29   0.47   0.86   0.33
   11 1985 -15.07  32.22  -2.62  -1.78   4.11   1.02  -3.82   1.57  -0.60   0.17
   12 1985 -23.58  29.86  -0.51 -10.48   4.61   1.80  -1.46   3.14   0.75   0.18
    1 1986 -15.65  33.03  -2.41  -6.33   4.71  -1.04   4.03   0.40  -0.88   1.53
    2 1986 -13.84  33.94  -5.94  -2.95   1.64   0.34   4.10   0.73   1.60  -0.16
    3 1986 -21.16  30.63  -5.07  -4.34   1.29  -4.42  -1.05  -0.59  -0.20   0.13
    4 1986 -30.34  27.41  -0.83  -8.13   4.56   0.27  -4.06   4.05   0.49   0.25
    5 1986 -35.74  21.93   0.28  -1.70  -0.31  -1.96  -5.00  -2.65   0.84  -0.23
    6 1986 -43.91  12.61  -4.95   4.95  -2.41   1.00  -1.98  -2.12   1.35  -0.16
    7 1986 -47.06   8.64  -3.72   6.46  -1.84   3.73  -0.11   0.10   0.76   0.31
    8 1986 -51.01   6.67  -5.85  -5.36 -13.37   1.06  -1.96   0.92   1.24  -0.33
    9 1986 -53.54   3.78  -7.29  -1.38  -6.42   1.48  -1.43  -1.00   0.11   0.44
   10 1986 -51.71   1.07  -4.45   1.51  -3.90   2.15  -0.85  -0.00   1.22   0.03
   11 1986 -45.54  -7.94   1.73   1.24   1.39   1.16   2.54   1.01   1.07   0.53
   12 1986 -45.16 -13.88   2.03  -2.15  -0.66   3.22   5.68   2.28   1.34   0.41
    1 1987 -43.23 -18.58   2.33   2.79   1.25   0.53   4.78   0.33   0.44   0.33
    2 1987 -31.33 -26.59   5.13   4.59   1.87   2.10   0.97   1.83  -0.42   0.51
    3 1987 -38.10 -26.67   2.22   1.09   5.06   3.55   7.64   3.67   0.23  -0.07
    4 1987 -24.76 -37.61   3.47  -6.83   5.05  -0.57   4.90   1.79   0.33  -0.01
    5 1987   2.76 -46.28   4.32  -0.18  10.45   2.08  -5.02  -0.58   0.25   0.05
    6 1987  24.89 -35.51 -10.37  -0.94  -4.33   5.25   1.05  -1.08   0.04  -0.02
    7 1987  38.98 -18.81 -17.14  -8.13   3.69   8.73   1.49   3.85  -1.23   0.11
    8 1987  47.35  -3.28  -5.36 -16.48   3.95   5.63  -1.12  -1.23   1.44  -0.28
    9 1987  46.45   9.81   8.07 -14.37  -2.88   4.88   0.41   0.93  -1.89   1.10
   10 1987  41.10  15.86  14.12  -8.87  -5.05   7.92   3.45   5.88  -0.85   0.59
   11 1987  33.43  16.63  11.79  -1.11  -5.89   3.14   1.04   2.96  -0.67  -0.71
   12 1987  23.32  13.50   8.99   4.83  -0.27   2.78   1.51   2.06   0.63   0.35
    1 1988  26.46  11.76  10.97   4.99  -5.65   1.48   0.73   0.89   1.02  -0.65
    2 1988  11.69  11.43   7.72   8.64   2.57  -0.71   0.65  -0.96   0.62  -0.17
    3 1988   3.70  12.38   6.16  -5.63  -3.15  -3.26  -0.07  -0.40   1.20  -0.17
    4 1988  -6.33  13.79   4.85  -7.67   3.33  -0.20  -0.65   2.48   1.72   0.26
    5 1988 -17.51  19.10   6.68 -14.41   0.12  -2.14  -4.12   0.75   0.39  -0.05
    6 1988 -28.93  20.15   5.86  -5.50   4.49  -0.31  -4.16   0.87   0.18  -0.28
    7 1988 -35.42  14.98   7.87  -2.29   3.43   0.67  -2.23   0.20  -0.32   0.25
    8 1988 -40.25  16.04   5.02  -8.25   2.48  -1.88  -2.03   0.89   0.58   0.03
    9 1988 -46.83  19.76  -0.07 -11.41  -0.54  -4.01  -3.70  -0.63  -0.13  -0.26
   10 1988 -45.63  15.76  -1.43 -13.49  -7.62  -3.49  -3.60  -1.01  -1.70  -0.19
   11 1988 -38.16   8.17   9.25 -12.77  -6.42  -4.23  -1.14  -0.99   0.02  -0.65
   12 1988 -39.57   6.98  11.02  -6.37   4.79   4.54   2.97   2.01  -0.26   0.49
    1 1989 -30.65  -0.41  14.12  -7.18  -6.65  -0.96  -3.01  -1.06   0.42  -0.00
    2 1989 -41.48  11.74   0.23 -11.78  -7.42  -0.06  -4.62  -0.48  -0.56  -0.64
    3 1989 -42.95  12.49  -1.76  -4.50   1.57   4.77  -2.88   1.41  -0.84  -0.26
    4 1989 -42.38   6.10  -3.88  -2.05  -6.67   0.58  -4.19  -1.32  -0.56  -0.27
    5 1989 -31.80 -10.24   4.62  -3.05  -8.54  -0.88  -1.67  -0.58   0.37  -0.54
    6 1989 -36.83 -15.36   1.66   0.47   4.65  -0.12   4.91   0.76   0.94  -0.40
    7 1989 -28.77 -26.90   7.78  -4.79   0.66  -3.96   0.68   0.89   1.06  -0.04
    8 1989 -13.58 -34.42  12.61   4.13   6.55  -0.70  -0.30   1.22   2.32  -0.04
    9 1989 -16.38 -37.57   5.04  -2.64   4.12  -1.45  -1.88  -0.38   2.92  -0.47
   10 1989  -4.88 -39.37  -0.88  -4.13  -0.98   2.11  -0.04  -0.77   2.76  -0.61
   11 1989  14.89 -38.42  -2.08   1.87  -3.02   3.06   1.32  -0.72   2.10  -0.60
   12 1989  31.58 -32.65  -7.98  11.08  -1.03   2.75   3.81  -1.53   1.90   0.05
    1 1990  38.96 -25.25  -8.42  -2.04  -8.31  -5.70  -0.08  -0.65   2.92  -1.04
    2 1990  42.02 -25.44  -8.43  -1.78   3.05   3.31   2.21  -0.27   1.17   0.52
    3 1990  55.18 -16.01  -4.45  -3.96   6.77  -4.44  -1.29  -3.34   2.61  -0.93
    4 1990  54.83  -4.74   2.87  -6.26   3.56   0.47   0.01  -0.87  -0.56   0.21
    5 1990  46.39  14.01   6.24  -6.43  -3.65   4.24   2.19   2.28  -2.08   0.06
    6 1990  44.72  28.31  11.56  -0.50  -4.06   0.21   1.50   2.19  -0.09  -0.33
    7 1990  28.88  27.33   3.33   3.83  -1.03  -0.62   1.52   2.72   1.52  -0.47
    8 1990  22.49  31.59  -1.39  -0.69  -7.19  -3.81   0.78   1.40   3.42  -0.68
    9 1990  13.02  32.07  -6.33  -0.58  -6.52  -2.29   0.92   0.26   2.47  -0.46
   10 1990  13.77  33.30  -8.75   7.75   1.41   0.70   3.22   0.62   1.85  -0.23
   11 1990   2.18  37.79 -12.96   6.03  -3.09  -0.36   1.02   0.14   1.68  -0.41
   12 1990 -11.06  34.60 -14.53   3.13   1.62   0.62  -0.72   0.40   1.05   0.18
    1 1991  -6.75  28.92 -13.17  -1.76  -3.57   0.42  -0.93   0.29   0.85   0.03
    2 1991  -3.35  30.66  -9.53   4.28  -2.22  -0.90   0.42  -0.20   1.40  -0.03
    3 1991  -5.27  22.84 -13.03   4.66   3.45  -0.38  -0.39  -1.17   0.99  -0.02
    4 1991 -17.74  21.92  -5.24  -3.72   5.46  -3.21  -4.60   0.95  -0.82   0.08
    5 1991 -30.33  12.81  -4.38   1.66   2.01   1.21  -1.85   1.03  -1.07  -0.03
    6 1991 -35.90   2.02  -7.23   4.57   1.25   2.77  -1.01   1.14   0.84  -0.18
    7 1991 -39.74  -3.65 -11.75   1.48  -0.49   3.73   0.41   0.79   1.22  -0.35
    8 1991 -35.59  -8.32  -9.46  -8.04  -7.12   1.73  -2.17   1.60   2.37  -0.66
    9 1991 -35.63  -8.92  -7.87  -7.22  -4.26   0.59  -1.28   0.96   1.94  -0.58
   10 1991 -15.59 -22.94  12.11  -3.70   3.44  -1.32  -0.37   0.59   0.59   0.11
   11 1991 -16.42 -24.59  11.64  -2.42   4.99   0.21   4.08   1.77   0.51  -0.16
   12 1991  -0.36 -31.23  15.21   7.31   3.63   0.38   1.46   1.58   0.29   0.44
    1 1992  -8.18 -33.26  16.37   5.10   7.27   5.77  -1.62   5.10   0.70  -0.00
    2 1992  -5.01 -38.08  21.72   3.04  -1.22  -2.11  -7.83   1.67   0.53  -0.26
    3 1992  -0.67 -40.58  21.02   4.40   3.22   5.01  -4.60   5.65   0.22  -0.92
    4 1992  10.57 -41.23  15.35   8.79   2.58   0.04  -6.15   2.00  -0.54   0.20
    5 1992  21.89 -35.67  -1.35  10.26  -1.30   3.58  -0.52  -2.11   1.17  -0.08
    6 1992  28.37 -30.86 -12.83   8.94  -5.14   3.15   1.33  -3.56  -0.18   0.22
    7 1992  34.57 -20.95 -17.32  -1.83   3.26  -0.71   0.81   3.13  -1.24   0.28
    8 1992  47.82 -18.01 -13.40  -8.49   2.76  -2.16   0.50   3.36   0.24  -0.38
    9 1992  51.72  -8.56  -8.10 -13.83   2.07  -3.09  -0.34   1.32   2.96  -0.87
   10 1992  49.27  -2.87  -3.75 -10.63  11.30   2.28   0.07  -4.98  -0.73  -0.36
   11 1992  49.91   7.62   4.56  -9.73   2.39   4.38  -0.07  -1.95  -1.47  -0.26
   12 1992  44.90  19.20  10.76  -1.43   4.52   7.35   2.12   1.41  -2.75   0.66
    1 1993  41.85  18.33  14.56   7.75   3.20   1.28   2.08  -0.80  -1.16   0.72
    2 1993  46.14  17.34  13.73   6.21  -0.02   1.55   1.81   0.34  -0.40   0.37
    3 1993  39.68  18.55   8.52  10.25   3.70  -2.02   1.88  -1.50   0.45  -0.03
    4 1993  25.32  23.87  -0.34  13.21  -0.35  -0.34  -1.74  -0.75   0.27   0.28
    5 1993  -1.97  31.90  -2.89   7.94   7.80  -1.44   1.12  -0.71   1.21  -0.05
    6 1993 -22.18  30.95  -5.06   2.68   8.56   0.05  -2.67   0.64   0.82  -0.16
    7 1993 -31.91  25.95  -1.11  -2.95   3.90   0.18  -2.85  -1.26  -1.06   0.38
    8 1993 -37.33  24.58  -1.16  -5.96   6.46   1.48  -2.99   0.68  -0.30   0.09
    9 1993 -42.99  20.54  -1.73  -6.20   5.57   2.93  -3.14   1.08  -1.35  -0.28
   10 1993 -44.23  14.10  -3.22  -3.19   2.25   3.67  -1.22  -0.69   0.83   0.56
   11 1993 -46.38   4.61  -2.07   1.01  -2.42   1.61  -1.54  -0.63   1.07  -0.36
   12 1993 -46.83  -1.16  -2.06   1.36  -4.37   3.66   0.70  -1.62  -0.49   0.11
    1 1994 -45.59  -2.05  -3.65   6.38  -3.81   7.29  -0.10   0.82  -0.33   0.77
    2 1994 -47.62  -8.34  -7.49   1.27  -9.24   4.41  -1.62  -1.44  -0.90   0.05
    3 1994 -49.13  -9.77  -7.61   6.26  -6.90   3.27  -0.54  -0.23   0.66  -0.16
    4 1994 -46.62 -15.72 -13.73   8.02  -3.97   0.65  -0.52   2.41  -0.62   0.38
    5 1994 -34.88 -30.12 -11.95   1.51   3.10  -6.22   2.45  -2.26   0.16   0.09
    6 1994 -16.79 -43.40   0.54  -7.70  10.87  -0.81   1.63  -2.08  -1.00   0.10
    7 1994  -0.47 -46.09  -1.94  -5.30   3.08   5.52  -7.69  -0.26  -2.41   0.40
    8 1994  19.84 -46.18  -9.27  -0.36  -5.05   5.18  -0.57  -2.73  -0.96   1.01
    9 1994  33.49 -41.91 -13.76   0.96  -2.71   6.65   3.62  -0.75  -1.12   0.33
   10 1994  42.24 -22.89 -14.86 -14.58   1.37  -0.40  -0.92   1.45   1.08  -0.85
   11 1994  47.44  -3.40  -6.30 -14.76   6.13   4.45  -2.42  -5.55   1.47   0.34
   12 1994  43.62  12.18   3.06  -7.30   0.82   2.06  -1.58  -1.94  -1.14   0.48
    1 1995  47.14  15.05  15.81   3.10   4.31  -1.06   0.44  -2.74   0.01   0.22
    2 1995  32.30   7.54  10.20   1.87   2.30  -2.09   2.28  -1.56   0.47   0.48
    3 1995  31.20   5.13   8.74   2.57   2.31   1.68   4.11   1.51  -0.64   0.43
    4 1995  35.78  13.64   2.21   7.54   0.77   2.78   1.94   3.09  -1.09   0.03
    5 1995  23.99  35.45  -7.75  10.23  -2.18   1.58   0.03   1.69   1.01  -0.09
    6 1995   8.39  43.52  -9.05  -0.13  -5.93  -2.77   4.22   0.33   1.67   0.14
    7 1995  -5.63  41.92  -8.44   5.25   4.28  -4.60   4.31   0.05   1.28   0.10
    8 1995 -15.99  36.66 -11.76   7.96   4.59  -4.76   2.94  -1.62  -0.92   0.15
    9 1995 -19.71  29.34 -10.29   3.25   2.01  -2.34   2.01   0.51  -0.32   0.06
   10 1995 -25.83  22.01  -6.96   4.19   3.11   2.42   1.12   0.80  -0.55  -0.09
   11 1995 -32.04  14.89  -6.89   3.39  -6.52   4.26  -4.37  -1.51  -2.78   0.52
   12 1995 -34.16   6.38   1.59   5.40  -1.34   5.62  -1.28  -1.34  -0.33   0.68
    1 1996 -38.49   3.65  -2.36   6.47  -3.06   4.57  -1.47  -3.14  -1.53   0.30
    2 1996 -41.26  -0.06  -1.24   8.23   0.20   8.78  -0.38  -2.48   0.48   0.14
    3 1996 -42.44  -6.23  -1.32   0.72 -11.47   5.10  -4.71  -1.97   0.26   0.09
    4 1996 -43.65 -11.64  -5.22   7.31  -4.39   2.91   0.59   2.73  -1.56   0.32
    5 1996 -41.70 -18.68 -13.74   3.48  -1.89  -0.70   2.67   3.34  -0.01  -0.29
    6 1996 -27.23 -34.59  -1.47  -2.81  11.63  -5.43   7.47  -1.13   2.23   0.36
    7 1996 -26.81 -36.26  -3.80 -10.10   3.22  -8.26   2.08  -3.76   0.59   0.68
    8 1996 -18.76 -43.68  -2.13  -8.48   3.02  -1.84  -3.62   0.37   0.03   0.41
    9 1996   0.70 -48.41  -0.76  -3.91  -5.74   0.45 -10.69   0.72   1.54   0.50
   10 1996  18.47 -47.79  -6.57   3.24  -8.01   1.43  -2.15  -4.35  -1.75  -0.09
   11 1996  34.46 -41.35  -8.49   6.25  -7.80   6.61   3.05   0.47   0.34  -0.77
   12 1996  40.33 -26.03 -15.97   3.21  -3.41  -5.49   0.14   3.73  -0.86   0.45
    1 1997  45.02 -21.69  -9.14   0.61   5.22  -3.97   1.01   4.68  -0.08  -0.00
    2 1997  48.20 -15.87  -2.40  -4.11   2.18 -12.78  -3.00  -4.19  -0.97   0.10
    3 1997  52.95 -12.44   1.20  -4.86   9.77   2.47   0.25  -3.89   0.43   0.03
    4 1997  56.59   4.72  13.49  -0.30   5.50   0.67   0.31  -3.62  -0.40   0.28
    5 1997  55.84  13.92  16.64  -2.83  -0.74   3.88   2.35   0.53   0.64  -0.11
    6 1997  49.10  26.39  18.06   2.95  -1.54   0.22   2.00   3.72   0.35  -0.48
    7 1997  29.82  32.08  12.81  15.87   6.11  -6.48   1.45   0.28   1.64   0.39
    8 1997  22.44  32.00   8.87  18.41   7.06  -4.64   0.95  -0.33   0.47   0.14
    9 1997  15.10  31.19  -0.11  19.69   7.19  -1.35  -0.85   0.13   1.02   0.09
   10 1997   0.03  32.25  -6.28  12.69   6.91   3.51  -0.81  -1.36  -1.07  -0.34
   11 1997 -17.07  28.53  -3.63   9.82   6.23   6.93  -3.27   0.28  -0.10   0.54
   12 1997 -25.14  18.27  -1.60   2.16   2.47  12.37  -7.15   0.13   3.93   1.05
    1 1998 -23.73  12.05   7.17  -1.10   4.09  10.40  -3.53  -2.10   2.16  -0.64
    2 1998 -29.66   9.73   8.93   1.34   7.76   8.34  -0.28  -0.48   1.05   0.14
    3 1998 -33.91   3.08   6.84  -2.04   0.81   9.49  -3.47  -2.87   2.05  -0.61
    4 1998 -40.23  -6.40  -1.02  12.87   1.46   4.34   1.33   0.81   0.26   0.46
    5 1998 -35.77 -19.48 -15.70   1.54  -1.83  -2.04   1.11   1.57   2.08   0.91
    6 1998 -23.79 -33.95  -5.28 -14.53  -1.14  -6.20   4.35  -1.59   3.67  -1.21
    7 1998 -12.36 -39.46  -1.19  -9.35   1.89  -4.43  -3.41  -2.32   1.92   1.31
    8 1998   7.01 -45.27   0.47   2.72   5.38   0.71  -6.75  -1.83  -0.60  -0.69
    9 1998  20.40 -44.75  -9.69   7.80   0.63   1.23   0.47  -2.82  -1.22   0.53
   10 1998  29.45 -42.97 -12.96   7.19  -4.32   0.35   5.47  -2.31  -0.53  -0.08
   11 1998  44.51 -31.50 -15.60   0.22   1.68  -3.95   0.88   3.51  -5.51  -0.29
   12 1998  47.72 -15.85 -16.72  -8.08  -1.53  -8.87  -3.34  -0.42  -4.01   0.43
    1 1999  44.91  -8.76  -9.34 -12.99  -3.97  -5.80  -3.92  -8.43   2.24   2.64
    2 1999  51.90  -1.11  -0.52  -0.63   9.82   7.72  -1.54  -6.73   1.67   0.32
    3 1999  37.03   4.58   8.32  -9.46 -14.31  -2.73  -4.39  -2.17  -0.25   0.81
    4 1999  47.95  12.12  11.24  -1.35  -8.88  -3.38  -1.44  -1.54  -1.87  -0.16
    5 1999  38.40  19.61   5.29   1.28  -6.38  -3.95  -1.95  -1.94   1.05   1.21
    6 1999  23.08  37.17  -3.36   6.94  -6.09  -3.12  -3.42  -1.19  -0.05   1.37
    7 1999  12.63  34.45  -5.43   7.34  -1.17  -4.33  -1.08  -0.65  -2.13  -0.00
    8 1999   8.60  34.42  -5.23   9.26   2.30  -0.57  -1.15   1.69  -2.05  -0.70
    9 1999   4.66  31.79  -6.45   9.14   4.64   0.51   0.27   1.43  -1.56  -0.26
   10 1999 -10.13  33.14  -5.42   3.30   4.30  -0.51   1.83  -0.07  -4.82  -0.83
   11 1999 -21.46  30.04  -5.33  -0.70   3.54   2.88   1.68   0.57  -0.46   1.51
   12 1999 -28.58  28.71  -1.85  -9.84  -5.42  -2.11  -4.29  -0.58  -3.38  -1.43
    1 2000 -31.28  26.74  -0.13  -2.69   5.97   0.08  -3.82   0.85  -0.43  -0.15
    2 2000 -29.73  24.85   0.63 -10.46  -0.53  -4.28  -3.34  -0.51  -2.39  -1.63
    3 2000 -30.64  25.78   1.42 -10.44   2.45  -4.93  -1.43   0.38  -1.49  -0.02
    4 2000 -34.05  22.78   1.56 -10.49   0.43  -4.91  -5.73  -0.19  -2.43  -1.11
    5 2000 -40.95  20.14   1.40  -1.17  -0.24  -0.31  -3.69  -2.65  -0.35  -0.37
    6 2000 -49.41  13.68   1.66   7.69  -1.76   1.49   0.36  -4.32  -2.01   0.24
    7 2000 -45.72   2.27  10.81   5.39  -2.10   0.69   3.36  -3.25  -0.51   0.09
    8 2000 -50.66   0.01   7.80   7.83   0.61  -0.21   5.17  -3.20  -2.48  -1.04
    9 2000 -55.28   0.56   1.36   4.62  -0.61   3.86   3.57  -1.54  -0.78  -0.64
   10 2000 -52.40  -5.98  -2.34   0.90  -0.09   2.50   1.74   0.07  -3.04  -0.84
   11 2000 -42.51 -14.78   8.45 -11.99  -2.52   0.45   6.12   2.58   2.88  -0.27
   12 2000 -37.82 -19.65  11.67 -14.73  -7.39  -2.79   7.98   0.01  -1.38   0.53
    1 2001 -31.92 -22.66  15.84 -10.16 -11.63  -2.41   6.58  -1.90  -1.10  -0.90
    2 2001 -36.20 -21.71  10.40  -7.58  -8.97  -4.18   6.83  -4.73  -3.84  -0.32
    3 2001 -31.41 -24.87  15.75 -10.69  -5.13   3.52   9.76  -0.06  -0.89  -1.17
    4 2001 -22.74 -31.85  20.72  -4.97  -5.38  -0.49   5.32   1.14   0.56   0.73
    5 2001  -4.65 -39.23  17.89   6.02  -0.80  -1.03  -8.41   3.89  -1.74  -0.76
    6 2001  -0.40 -34.31   4.95  12.72  -1.87  -2.22 -11.32   0.10  -2.85  -0.19
    7 2001  15.23 -32.88  -9.07  13.35  -9.89   2.43  -2.87  -2.99  -1.22   0.60
    8 2001  18.37 -36.75 -11.57  12.80  -5.31   7.05   4.88  -2.21  -1.58  -0.59
    9 2001  23.70 -37.77 -12.08   4.58 -11.71  -0.78   2.85  -3.73   0.75   0.47
   10 2001  33.67 -28.84 -13.90  -1.10  -1.55  -1.26   2.34   3.91  -0.05  -0.77
   11 2001  40.92 -17.40 -16.18  -3.59   0.76 -10.97  -1.57   3.24  -5.08  -0.75
   12 2001  47.93  -4.62 -14.10  -0.36  13.82   1.34  -0.34   3.47  -0.63  -0.12
    1 2002  52.26  -3.12  -3.29  -7.27  -1.17   0.26  -3.76  -5.23   5.30  -1.24
    2 2002  50.77   2.76   6.66   0.59   8.19   1.92   0.52  -6.92  -2.63  -0.56
    3 2002  56.50   8.05  19.03  -0.72  -1.82   4.35   1.68   0.19  -0.23   0.61
    4 2002  44.12  15.14  15.11   5.50  -2.81   1.12   1.77   1.89   2.86  -2.06
    5 2002  33.74  26.89   2.34  13.01   1.37   1.45   0.59   2.02  -0.28  -0.71
    6 2002  12.56  33.31  -6.46  10.01   0.67   2.85  -3.05   1.80  -0.75   1.26
    7 2002  13.43  35.03  -8.42  -0.73 -12.95  -1.39  -3.60   2.21   0.47   0.08
    8 2002   7.25  32.56  -7.57   9.79  -0.20  -0.71  -0.35   0.25  -0.54  -0.17
    9 2002   6.36  28.58  -6.45  12.65   4.22   1.78  -1.06  -0.13   0.47  -0.50
   10 2002  -7.69  28.31  -6.08   9.15   4.42   0.33  -0.12  -2.25   1.04   1.69
   11 2002 -22.10  20.70  -8.23   1.93  -0.35   3.60  -1.25  -1.37  -0.48  -1.02
   12 2002 -26.38  17.01  -6.06  -2.57  -2.05   8.91  -7.26   2.66   3.10   0.01
    1 2003 -25.78  11.18   3.08  -1.22   8.00   5.36  -5.57   0.46   0.35   0.63
    2 2003 -30.47   9.33   4.65  -6.74   7.12   2.31  -2.41  -0.35   1.61  -0.72
    3 2003 -37.64   6.21   0.04  -3.65   5.75   2.95  -0.94  -4.46  -0.36  -0.77
    4 2003 -37.65   0.54  -3.31  -3.42  -5.92   7.73  -0.02  -2.75  -0.63  -0.88
    5 2003 -34.49  -9.30  -4.47  -1.01  -7.91   1.50   2.28   0.55   0.61  -1.07
    6 2003 -23.64 -21.40   9.63  -1.16   2.80  -5.68   8.10   1.60  -0.70   0.95
    7 2003  -8.46 -33.59  17.12   7.64   3.93  -2.61  -5.00   4.35  -2.86   0.36
    8 2003   3.90 -37.82  10.92   9.23   1.11  -0.56  -7.86   2.77   0.46   0.17
    9 2003  10.33 -37.40   2.90  16.74   6.05   3.25  -0.66   1.58   0.30   0.76
   10 2003  16.09 -38.17  -2.92  14.73   1.44   2.16   2.35  -0.72   0.43  -0.06
   11 2003  24.82 -35.81  -4.49  12.38  -6.58   2.88   1.59  -3.86   0.73   0.75
   12 2003  40.62 -30.68  -7.73  13.51  -0.05   0.27   1.89  -1.43  -0.69   0.46
    1 2004  50.18 -23.50 -11.50   6.48   4.84   1.84   2.62   3.99   0.38   0.36
    2 2004  42.96 -13.47  -5.94   0.93  11.37  -0.06   1.34  -1.90   0.90  -0.33
    3 2004  50.04  -8.46   0.88  -8.49  -0.22  -4.55  -3.02  -7.42   0.58   0.07
    4 2004  47.53   9.35  13.03  -2.64  -0.06   6.32   1.53  -0.63   1.00   0.39
    5 2004  44.85  17.25  14.25   4.35  -1.40   0.53   1.88  -0.00  -1.96  -0.94
    6 2004  33.86  23.44  13.94  10.58   2.37  -1.65   0.69   0.54  -0.18  -1.66
    7 2004  28.51  24.28  13.44   7.08  -1.92  -3.86  -2.41   1.29   0.54   0.55
    8 2004  18.35  22.91  11.40   4.26   5.56  -1.80  -0.94   0.50   1.76  -0.05
    9 2004   2.49  20.50   5.84   1.00   6.85  -3.99  -1.81  -0.69  -1.26   0.61
   10 2004  -8.30  23.29   4.49  -1.24   6.78  -2.89  -0.61  -0.31  -0.02   0.25
   11 2004 -20.78  20.44   2.83  -7.11   8.87   0.68  -3.24  -0.58  -0.57   0.67
   12 2004 -31.13  18.10   2.43  -4.57   9.50   0.45  -3.24  -1.87  -0.07  -0.05
    1 2005 -33.50  14.20   0.05  -7.29   5.99   7.35  -3.37  -0.44  -0.42  -1.10
    2 2005 -36.68  17.24   1.47  -6.07   8.25   7.52  -3.13   1.88   0.19  -0.16
    3 2005 -40.03  19.65   3.65  -6.29  -3.74  -1.23  -4.78  -2.52   1.43   0.00
    4 2005 -41.86   3.25  -1.89   0.49  -1.19   8.40  -1.57  -2.30  -1.30   0.47
    5 2005 -42.53  -3.79  -8.15   1.38 -11.11   2.62  -1.28   2.40   2.27   1.24
    6 2005 -44.67  -9.49 -18.26   2.13  -4.90  -1.91  -1.73   1.96  -3.81   1.30
    7 2005 -40.03 -20.49 -11.87  -1.56  -1.26  -5.48   1.59   0.89  -3.60  -0.27
    8 2005 -41.14 -26.79 -14.03   2.04  10.48  -3.00   5.66   0.81  -1.26  -0.97
    9 2005 -32.06 -38.23  -1.71  -9.09   9.46  -2.85   7.49   0.94   0.83   0.70
   10 2005 -10.78 -45.06   4.06  -4.54   4.23   0.93  -7.21  -0.35  -2.11  -2.59
   11 2005   9.78 -42.70   1.34   5.30  -2.99   4.51  -6.61  -2.58  -2.90  -1.07
   12 2005  22.47 -41.09  -6.09  15.32  -4.87   3.01  -2.51  -6.36  -1.44  -0.57
    1 2006  30.62 -41.49  -5.99   9.01 -17.65  -1.41   0.09  -2.89   0.36  -0.38
    2 2006  40.04 -29.81  -9.95   3.48  -6.24  -0.02   4.63   5.86   0.35   0.12
    3 2006  46.55 -19.13 -11.01   0.58   2.03 -12.16  -1.16   3.94  -2.54   1.70
    4 2006  40.62  -5.68 -12.69  -5.96   5.01   0.56  -2.56  -5.50  -1.42   0.56
    5 2006  46.18   8.98   3.19  -3.06   5.49   9.20   1.67  -3.60  -3.38   1.58
    6 2006  43.61  25.50   8.39  -1.21  -5.27   7.78   2.45   3.78  -1.87   0.61
    7 2006  34.14  29.59   9.18   0.80  -9.10   1.10  -1.03   2.81   0.61   0.54
    8 2006  20.10  23.68   6.68   8.42   3.11   0.59   0.78   1.10  -0.84  -1.25
    9 2006  19.25  27.20   8.32   9.53   2.84  -3.22  -2.60  -0.59   2.11   1.63
   10 2006   4.76  27.34   0.26   9.40   8.88   0.28  -1.11   0.42   1.29   1.09
   11 2006 -15.40  29.42  -3.68  -0.18   5.43  -1.49  -5.33   2.62   0.03   1.20
   12 2006 -28.44  26.26   1.93  -4.32   1.91  -5.42  -6.55  -0.53  -2.23  -0.82
    1 2007 -28.63  19.86   2.35  -1.26  12.58   1.48  -1.23   1.22  -1.71  -0.10
    2 2007 -30.84  20.49  -1.13  -7.08   2.54   2.17  -1.64   1.92  -0.10  -1.03
    3 2007 -34.71  17.98  -0.87  -2.58   5.38   0.74  -1.94  -1.67  -0.69   0.06
    4 2007 -38.12   9.79   1.37   4.36  -3.51   2.83  -0.85  -2.97   1.62   0.01
    5 2007 -41.13  -1.25  -8.14  12.88   0.56   2.72   0.24   0.19  -1.55   0.50
    6 2007 -35.67 -18.64  -7.04   3.43   2.79  -3.53   2.76   0.47   0.19   0.70
    7 2007 -27.93 -30.44   1.36  -4.02   6.97  -3.67   7.73   0.66  -0.60   0.07
    8 2007 -21.16 -39.30   3.04  -6.28   6.21  -4.62   1.77  -0.37  -1.29   1.34
    9 2007 -11.73 -45.13   5.61  -2.36   3.96  -4.14  -9.68  -0.58  -2.24  -0.33
   10 2007  -2.99 -45.83   3.64  -2.89  -4.63  -4.37 -18.16  -1.86  -1.61   0.31
   11 2007  17.23 -40.57  -6.34  13.26   1.95   2.75   0.74  -5.66  -2.20  -0.73
   12 2007  32.52 -39.40 -10.14   5.64 -16.07  -2.37  -0.04  -4.79  -0.24   1.42
    1 2008  38.66 -33.50  -9.73   4.89  -0.97   0.61   1.54   3.67  -0.50   0.80
    2 2008  47.21 -27.79  -9.80 -12.29 -16.63 -20.93  -6.34   2.26   0.88   1.58
    3 2008  52.21 -15.83  -6.22  -1.55   6.82  -9.33  -1.34  -3.62  -0.38  -0.64
    4 2008  51.56  -3.02  -1.35  -7.87   3.00  -1.02  -2.18  -8.98   1.92   1.19
    5 2008  46.27  11.85   7.38  -7.76  -0.71   6.65   2.11   0.15  -1.80   0.62
    6 2008  44.69  25.76   8.31  -3.88  -6.03   1.69   0.60   1.97   0.89  -0.13
    7 2008  30.96  32.41   7.44   9.11  -1.68  -3.01   0.43   1.73   1.85  -0.00
    8 2008  17.68  32.43  -3.89   9.32   0.02  -1.77  -0.70   0.13  -0.23  -0.77
    9 2008  12.06  32.56 -10.24  13.39   8.04   6.02   0.52   0.65  -1.27  -0.01
   10 2008  -3.52  33.57 -11.08   7.97   7.01   1.47   3.95  -2.40  -3.85   0.31
   11 2008 -15.73  31.49  -9.31  -5.81  -1.66  -0.17   0.80  -2.33  -2.07   0.96
   12 2008 -21.22  32.74  -8.02 -13.90  -4.84   0.35   1.49  -0.52  -3.04  -1.61
    1 2009 -16.61  33.61  -8.03  -9.77  -4.32   4.72   4.34   2.82   1.39  -2.13
    2 2009 -15.32  38.52 -10.59  -3.93  -6.45  -3.50   4.48  -2.15  -1.20   0.43
    3 2009 -16.59  28.41  -8.64  -2.74   2.54  -0.63   4.28  -0.35  -0.32  -0.94
    4 2009 -24.20  27.90  -1.80  -6.00   1.99  -3.70  -2.07   1.59  -0.20  -0.21
    5 2009 -30.83  27.48   3.02  -3.98   2.97  -2.26  -3.27  -0.90   1.50   0.17
    6 2009 -38.66  14.98   1.13   0.17   0.18   0.63  -1.41  -3.68   1.76   0.07
    7 2009 -40.91   4.21  10.49   3.90   5.23   1.23   6.24  -3.46  -0.12  -0.46
    8 2009 -38.42  -1.94  13.94  -5.70  -3.22  -5.79   4.28  -4.90  -0.16   1.39
    9 2009 -47.67   3.35   8.46  -2.64  -2.04  -1.04   2.45  -4.10  -1.46  -1.53
   10 2009 -47.79   1.24   8.77  -1.96   3.51  -2.38   4.61  -2.93  -0.71   0.38
   11 2009 -44.12  -9.41  10.60   0.12   5.94  -0.47   8.84  -0.31  -1.11   0.14
   12 2009 -48.44  -8.72   6.53  -2.34  -2.74   0.33   6.98   1.77   1.61   0.95
    1 2010 -46.46 -13.75   1.28   7.54   5.35   0.18   6.15   0.24  -1.23  -0.01
    2 2010 -45.19 -14.40  -5.75   0.27  -6.93   3.95   2.86   2.63   3.77   0.47
    3 2010 -41.05 -24.00  -9.15   0.77  -2.03  -0.51   1.32   3.00   0.96   0.72
    4 2010 -36.38 -31.99 -18.02   0.88  10.87  -1.56   0.83  -1.55  -0.08  -0.38
    5 2010 -10.65 -45.56   0.29 -10.62  14.32  -0.63   0.19  -4.13  -4.26   1.38
    6 2010  24.56 -41.54  -4.92  -8.39  -7.12  10.15  -2.54   1.99  -0.55  -0.32
    7 2010  46.13 -25.13 -13.36 -14.62  -3.19   3.79  -0.35   4.63  -0.46   0.59
    8 2010  47.30   1.35   0.34 -15.24   5.54   4.24  -2.29  -2.44  -3.30   0.93
    9 2010  44.52  15.56  15.39 -16.39  -8.21   7.81   1.16   3.34  -4.04   1.61
   10 2010  41.83  18.14  18.61  -7.54  -4.85   1.79   1.72   4.81   1.32  -0.10
   11 2010  36.59  20.38  17.22   1.08  -2.74  -6.48  -1.05  -0.25   1.81  -1.18
   12 2010  14.54  18.42   9.74   7.22   3.39  -4.63  -1.02  -2.05  -4.39  -2.22
    1 2011   7.34  18.47  -2.80  -0.24  -1.77  -2.03  -1.05  -2.12  -3.78   0.31
    2 2011  12.65  18.53  -2.84   8.75   0.82  -5.27  -0.33  -5.00  -2.04  -1.04
    3 2011   4.71  22.51  -9.89   8.18   0.49  -1.39   0.78  -4.13  -0.91  -1.00
    4 2011  -2.13  24.74 -13.17  -0.74   1.39   1.71   6.49  -0.62  -1.00  -1.83
    5 2011 -14.53  29.96  -4.04  -6.88   0.98  -3.68   1.41  -0.50   1.73  -0.62
    6 2011 -27.51  31.77   3.03  -6.78   9.40   0.84  -0.23   2.36  -1.18  -0.33
    7 2011 -32.62  25.42   6.94  -3.41  10.83  -3.77  -2.06  -2.05  -2.14  -0.22
    8 2011 -39.02  27.84   3.15  -6.68   5.79  -3.56  -0.51   0.90  -0.68  -2.03
    9 2011 -45.86  23.51   3.76  -2.58   7.50  -5.23  -1.00  -4.99  -1.18  -0.62
   10 2011 -46.65  19.91   1.71   0.04   9.20   0.30  -0.14  -4.37   1.48   1.69
   11 2011 -45.99   6.79   6.49  -0.04   2.24   2.09   2.10  -4.36   2.77   0.48
   12 2011 -42.08  -9.16   5.77  -4.33  -4.52  -2.89   2.40  -4.65  -0.99   1.34
    1 2012 -44.93  -5.46  -2.85  -6.15 -10.75   2.93   0.75  -3.87  -2.84   0.12
    2 2012 -41.47  -7.13  -2.93  -6.73 -10.33   5.11   1.46   0.45  -0.52  -0.33
    3 2012 -41.93  -6.86  -4.45  -7.94 -17.73   0.45  -3.83  -1.62  -0.65   2.33
    4 2012 -32.94 -12.40   2.50  -6.68 -11.26   9.02   0.12   3.62   0.75  -0.70
    5 2012 -22.74 -29.06  14.05  -4.87  -4.45  -3.24   6.36   4.28  -0.47   0.70
    6 2012  -7.33 -33.62  13.11   2.94  -8.07  -4.55  -9.92   5.51  -0.22   0.34
    7 2012   3.62 -34.44   4.25  12.23  -0.78   1.95  -4.95   3.71  -3.00  -1.37
    8 2012  10.55 -36.46   0.12  15.90  -6.07  -1.68  -1.27   0.82  -0.66   0.09
    9 2012  14.10 -38.07  -2.33  17.41  -1.81  -0.64   3.33   0.56  -0.54  -1.59
   10 2012  17.00 -38.25  -3.26  12.88  -7.87  -0.30   2.71  -1.16   1.58  -0.42
   11 2012  22.61 -36.74  -7.57  16.72  -8.66   2.60   5.59  -2.37  -0.78  -1.45
   12 2012  38.93 -29.77 -10.79  10.33  -5.25  -6.28   2.53  -0.62   2.76  -0.72
    1 2013  39.76 -25.98 -11.49  11.15   1.87  -8.19   1.70   7.05  -3.06   0.14
    2 2013  41.96 -23.46  -9.32   5.90   2.38 -11.43  -0.26   4.16  -2.76  -0.20
    3 2013  51.31 -19.17  -4.84  -1.14  10.02  -1.15   0.19   4.05   2.02  -1.10
    4 2013  52.21  -6.65  -1.32  -2.68  11.14   2.40  -0.17  -8.90   2.90  -1.11
    5 2013  54.58   4.06   1.27 -12.88   1.34   7.79   2.93  -4.83   1.26  -1.19
    6 2013  52.85  20.53  11.43  -8.41  -7.49   2.28   1.24   2.12  -1.83   0.37
    7 2013  40.80  26.72  13.05  -0.42  -6.55  -5.00   0.21   0.34  -1.84  -0.32
    8 2013  37.03  24.37  11.75   5.82  -1.89  -3.46   1.89   1.09   1.09  -0.54
    9 2013  35.27  22.84  11.39   9.35   1.13  -8.86   0.21  -1.67  -0.74   0.04
   10 2013  27.77  24.05  10.14  10.15   2.63  -5.55  -0.35  -1.61  -0.37   2.18
   11 2013  13.25  32.17  -5.51  10.15  -2.05  -1.56  -5.42  -1.17  -0.02  -0.23
   12 2013  -2.58  34.69 -13.74   5.85  -6.24  -4.71  -1.89  -2.68  -2.31  -0.90
    1 2014   1.63  34.30  -8.76  10.63   3.19  -0.97   2.46  -2.06  -1.29   0.20
    2 2014   0.02  29.75  -6.50   6.28   0.08  -1.27   3.06  -1.04   0.33   0.60
    3 2014  -5.72  25.97  -7.29   3.02   2.96   0.39   3.69  -0.50  -0.61   1.08
    4 2014 -21.57  26.05   0.30  -0.76   5.36  -3.97  -0.52   0.54   0.08   0.85
    5 2014 -29.84  13.59   4.25   3.65  -5.06   0.16  -1.25  -4.03   1.39   1.12
    6 2014 -38.05   4.73  -2.08   8.19  -7.85   1.02  -1.11  -2.76   1.17  -0.44
    7 2014 -43.53  -1.28  -8.51   7.18  -8.02   0.87  -0.52   0.53   0.82   0.11
    8 2014 -46.62  -3.77  -7.52   5.96  -8.94  -0.60  -0.07   1.39   0.88   0.15
    9 2014 -50.28  -8.90  -8.41   7.65  -3.25   0.13   0.05   0.82   0.96  -0.20
   10 2014 -46.29 -16.29  -7.76   1.70  -2.82   3.38  -0.13   4.20  -0.10  -0.31
   11 2014 -35.39 -30.91   6.11  -1.50   3.74  -8.30   4.17   2.42  -0.01  -0.00
   12 2014 -21.43 -41.61   7.95  -6.13   4.03  -4.11  -4.32   2.83   0.92  -1.29
    1 2015 -13.08 -44.76   9.91  -0.68   7.95   2.72  -7.15   4.37  -0.58  -0.28
    2 2015   0.18 -51.22  13.07   4.28   3.87   4.41 -13.32   5.46   1.70   0.44
    3 2015  10.45 -48.50   2.00   7.99  -4.42   3.71  -7.15   0.28   0.72   0.24
    4 2015  25.93 -45.61  -5.99   9.36  -7.20   4.01   1.11  -3.07   0.17   0.23
    5 2015  41.47 -31.81 -13.48  -1.21  -2.04   5.05   3.34   4.68  -2.84   0.14
    6 2015  47.55  -7.83  -8.67 -10.40   7.90   3.64   0.51   0.05  -2.91  -0.37
    7 2015  51.19  13.15   1.05 -14.43  -4.86   8.71  -0.27   0.38  -0.41   0.36
    8 2015  45.13  20.18  14.21  -1.97   1.64   7.56   3.37   3.33  -5.52   0.35
    9 2015  47.24  21.93  19.72   3.05  -0.05  -0.96   1.49   2.38   0.53  -0.47
   10 2015  34.26  21.06  15.62   5.90   2.32  -5.65   1.67   0.45   4.26   1.28
   11 2015  19.27  31.90  -0.78  14.86   4.88  -1.86  -3.74   0.40   0.65  -0.94
   12 2015   4.02  27.31 -15.72  15.29   4.88   0.88  -2.44   2.04   2.83  -0.36
    1 2016   8.70  20.64 -15.97   7.37  -0.14   1.86   0.88   7.20   3.76   0.19
    2 2016  16.19  13.94 -14.68  10.86  -3.54  -4.98  -0.99   4.78  -0.20  -0.42
    3 2016  20.12   0.41 -13.72  17.11  -2.91  -3.74  -0.12  11.56  -0.05   0.06
    4 2016  33.74 -14.72 -12.35  12.63   3.63  -2.78   0.91  10.23  -0.07  -0.31
    5 2016  40.12 -11.91 -13.96  -0.39   5.44 -10.56  -2.72   0.46   2.28  -0.21
    6 2016  37.02  -1.74 -12.42  -9.94   8.11   0.04  -2.70  -4.66  -0.84  -0.27
    7 2016  35.81  10.78  -5.14 -12.35   2.93   2.15  -2.32  -4.67  -0.17   0.91
    8 2016  37.50  20.98   3.12 -15.33  -6.73   1.68  -2.17  -1.94  -1.94   1.00
    9 2016  34.52  22.62   6.27 -13.05  -7.59   2.79  -0.81  -0.18  -3.48  -1.46
   10 2016  34.70  23.59   7.02 -11.46 -14.00   0.89   0.02   1.93  -1.23  -1.09
   11 2016  33.16  28.21   4.69  -2.91  -8.96   0.65  -2.99   1.05   0.32   0.29
   12 2016  29.49  30.52   6.27   3.85  -4.87  -1.48  -1.96  -0.01  -1.53   0.94
    1 2017  29.50  28.10   9.57   4.80  -6.78  -3.03  -2.05  -1.09  -2.18  -1.26
    2 2017  31.78  25.44  12.60   9.13  -2.31  -2.74  -0.00  -1.09  -1.13   0.62
    3 2017  21.62  27.57   0.12   9.50  -1.22   2.36  -2.39  -1.38  -1.82  -0.09
    4 2017   3.39  32.06  -4.80   4.57  -0.36  -3.38   3.45  -2.13  -0.86   0.88
    5 2017 -20.56  27.74   3.89   0.58   5.65  -2.94  -1.63  -0.69  -1.97  -0.26
    6 2017 -36.89  19.16   5.15   9.92   3.44   1.31  -1.65  -5.19   1.07   1.22
    7 2017 -45.09  11.83   2.02  15.74   3.45   4.92   0.14  -5.71  -0.37  -1.44
    8 2017 -48.56   7.40   0.09   5.32  -4.73   3.89  -0.14  -2.30   0.99   0.69
    9 2017 -51.87   5.15  -0.99   1.22  -5.45   1.21  -2.34  -3.93   0.31   2.08
   10 2017 -53.72  -0.41  -3.13   1.70  -2.96   3.30  -1.60   0.47  -0.31  -0.74
   11 2017 -50.85  -6.46  -0.00  -4.61  -9.92  -2.69  -0.19   0.26   1.13   2.81
   12 2017 -42.63 -18.38  10.92  -5.65  -1.08  -2.63  10.04  -0.08   0.45   0.17
    1 2018 -42.13 -21.03   9.37  -4.09  -9.37  -9.76   6.19  -4.26  -5.78  -0.44
    2 2018 -45.40 -14.33  -1.35  -0.81  -7.00   6.80   4.03   3.45  -0.75  -0.19
    3 2018 -45.83 -18.22   1.97   1.23  -2.67   2.65   5.60   0.90  -2.50  -0.51
    4 2018 -34.58 -31.61   5.40  -5.20  -7.47  -8.08   5.72   1.26   0.99   1.56
    5 2018 -20.31 -40.68   5.21  -3.87   4.48  -5.73   3.31   0.44   1.60  -0.04
    6 2018   1.10 -44.90   2.78   1.72   0.42  -1.02 -13.01   0.67  -2.02  -0.25
    7 2018  16.55 -41.94  -7.21   6.85  -1.86   2.71  -3.99  -1.62  -1.53   0.61
    8 2018  28.72 -40.51 -12.16   8.99  -5.43   2.15   2.30  -1.39  -0.20   0.62
    9 2018  39.73 -31.71 -14.12   0.11   5.09  -0.74   3.91   4.77  -1.72  -0.22
   10 2018  44.58 -21.31 -14.23  -8.25   8.65  -3.95   0.89   4.13  -1.10   0.64
   11 2018  52.37  -7.67  -6.94 -11.20   8.23   0.49  -1.81  -3.12   3.26   0.61
   12 2018  49.71   4.93  -1.66  -7.73   4.99   3.04  -3.51  -7.80   4.38  -2.25
    1 2019  41.39   7.10   2.57   0.19   9.73   2.49  -1.25  -7.00   0.74   0.25
    2 2019  32.91   5.39  11.98  -4.07   4.76   4.48   0.96   1.77  -1.42   0.58
    3 2019  40.82  12.51  15.69   5.65   4.30  -1.51   1.08   0.53  -1.61   1.49
    4 2019  38.68  16.88   9.59  -0.93  -7.01   1.88   0.49   2.64   1.04  -1.17
    5 2019  25.82  33.44  -4.31   5.19  -7.05  -0.67  -0.39   0.54   4.56  -0.02
    6 2019   4.25  39.66 -10.86   1.54  -3.88  -6.83   5.40  -2.71   0.21   1.06
    7 2019  -2.30  40.22  -9.01   3.40  -0.06  -3.83   3.26  -1.33   2.01  -0.29
    8 2019  -7.84  37.27 -11.92   1.93  -1.87  -7.07   0.94  -2.55  -1.24   0.21
    9 2019  -4.69  30.74 -14.85   0.72   2.78   0.55  -1.21  -1.10  -1.53  -0.91
   10 2019 -18.23  25.21 -13.15  -1.49  11.05   1.95   0.10   0.68   0.88  -0.18
   11 2019 -27.82  22.90 -11.64  -7.65   9.31   0.21  -3.20   3.78   4.87   1.69
   12 2019 -36.76  20.19 -10.86  -3.86  11.60  -1.39  -5.49   3.43  -0.10   1.06
    1 2020 -33.11   9.81 -12.52  -9.14   4.99  -4.47  -4.43   7.08   0.55   0.91
    2 2020 -30.58   2.50 -17.91 -10.55   4.23  -5.51  -0.70   6.30  -1.32   0.66
    3 2020 -26.32  -2.71 -23.93  -7.63   2.45  -9.79   2.13   5.82   1.72  -0.01
    4 2020 -11.94  -7.63 -31.88  -4.88  10.27  -3.88   5.98   3.17   1.42  -0.35
    5 2020  17.53 -21.39 -12.22 -14.09   7.27  -8.26   7.93   4.02  -1.02  -0.34
    6 2020  25.88  -9.66 -10.72 -19.61   9.96  -3.28   3.68   2.20   0.70  -0.02
    7 2020  24.94   5.51  -4.43 -25.68   3.04   5.62   4.48   0.27   1.08  -0.92
    8 2020  19.65  18.78   2.02 -18.38  -2.30   6.23   5.07   1.00  -0.97   1.92
    9 2020  18.53  27.01   0.10 -13.39 -11.65   2.33   0.95   1.64  -0.56   1.34
   10 2020  13.91  35.71  -4.61  -3.37 -17.18  -6.64  -4.13  -1.08  -0.63   0.23
   11 2020  -1.09  39.20  -9.55  -0.39  -4.91  -3.51  -0.92  -0.01   2.52  -0.64
   12 2020 -12.77  35.30 -11.40   0.82  -2.79  -4.43   2.25  -2.67  -3.92  -0.72
    1 2021  -9.05  25.09 -14.98  -0.28  -6.31  -5.55  -0.22  -3.34  -5.79  -1.08
    2 2021  -7.73  22.52 -10.93  -0.79  -5.92   0.31   3.21   0.05   1.18  -0.73
    3 2021 -11.95  23.03  -8.89  -0.55  -0.27   0.19   4.34  -0.57   1.75  -0.44
    4 2021 -22.39  23.85  -1.52  -5.18  -1.50  -3.15  -1.73   0.73   0.01  -0.77
    5 2021 -28.87  19.75  -0.44  -3.48  -1.64   2.02  -2.60   1.04   0.36  -0.25
    6 2021 -33.36  11.53   7.50   2.41   0.57   3.57   2.18  -2.43   0.44  -0.96
    7 2021 -32.07  -2.40  21.52   1.07   4.21  -1.95   9.33  -5.35  -1.46   0.37
    8 2021 -33.48  -4.65  19.29   0.95   2.01  -3.47   4.64  -2.98   0.99   1.69
    9 2021 -41.11 -11.25  19.10  -0.17   5.29  -2.18   7.76  -2.31  -0.55  -0.58
   10 2021 -40.36 -14.82  18.39   3.83   5.77  -4.44   5.81  -1.82  -1.07  -0.26
   11 2021 -28.91 -26.91  16.33  -1.09   1.70  -6.52   0.76   1.62  -4.57  -1.88
   12 2021 -16.29 -34.34  16.08   1.39   2.23  -1.70  -4.30   4.91   1.03  -0.81
    1 2022 -10.75 -37.13  13.70   4.15  -0.00  -3.20  -2.98   0.49   1.11  -0.03
    2 2022   0.53 -42.25  16.73   6.57  -3.19  -5.70  -2.20  -2.03   1.30  -0.42
    3 2022   1.38 -44.66  14.11   9.82   0.97  -2.10  -1.87   0.23  -0.43  -0.13
    4 2022  14.83 -44.49   5.54  10.98  -0.24  -2.02   0.47  -1.37   0.21  -0.34
    5 2022  32.68 -35.43 -11.89   9.29  -8.09   1.36   5.37  -2.65   1.93  -0.36
    6 2022  43.28 -14.15 -16.54  -7.19   0.97  -1.82   0.76   3.59   0.52  -0.39
    7 2022  46.45   1.48 -12.63 -16.98   1.44   3.74  -0.58  -0.08   1.65  -0.74
    8 2022  43.32  12.72  -0.28 -16.28  -3.43   6.16  -0.03   0.35   0.04  -0.17
    9 2022  42.73  21.57  10.33  -8.65  -1.30   4.70   2.70   2.37  -0.86   0.13
   10 2022  43.27  22.96  16.34  -6.95 -12.21  -3.90  -0.02   0.76   0.68  -0.64
   11 2022  35.90  25.19  13.18   0.96  -8.05  -4.83  -0.65   0.63   1.73   0.56
   12 2022  23.51  25.54   6.46   0.07 -11.22  -6.65  -2.50  -0.74   3.49  -0.85
    1 2023  20.50  23.23   2.36  -4.05 -16.15  -7.09  -3.19  -1.89   3.10  -1.07
    2 2023  15.15  19.66  -1.17   3.30  -3.91   0.42   0.81  -1.01   0.96  -0.14
    3 2023  13.68  27.50  -3.35   5.81  -4.06   1.11   1.56  -0.12  -0.22   0.04
    4 2023   8.93  34.50  -3.64   7.97   1.06   0.45   1.15   0.64  -1.58   0.59
    5 2023  -9.12  30.82  -0.88  -4.73  -1.44  -1.98  -3.64  -0.04  -0.15  -0.47
    6 2023 -30.30  27.85   3.96   3.70   6.79  -1.34  -3.45   0.27   0.88  -0.22
    7 2023 -40.84  18.46   0.26  10.41   9.58   1.60  -1.19  -1.54   1.64   0.21
    8 2023 -46.00  12.13  -3.53   5.26   4.92   2.83  -1.12  -0.43   1.86   0.17
    9 2023 -48.98   3.33  -4.29   5.64   2.97   0.25  -1.49  -1.07   2.60  -0.10
   10 2023 -45.11  -3.51  -3.97   7.41   6.48   4.28   0.61   1.60   0.80   0.37
   11 2023 -35.96 -17.13  -4.13   5.02   6.01   0.47  -1.47   2.99   0.50  -0.14
   12 2023 -22.49 -33.15  -0.03   1.81  11.12  -0.35  -2.78   0.93   1.18   0.16
